X=200:1400;

X0=820;
C0= -0.617;
C1=1*10^-5;
C2=4*10^-7;
C3=-1,8*10^-12; 


y= 0.5*C1*(X-X0)+0.5*C1*(X-X0).^2 +(1/3)* C2* (X-X0).^3+(1/5)* C3 *(X-X0).^5,